$ 1 0.000005 10.20027730826997 50 5 50
t 368 96 336 96 0 -1 0 0 100
t 272 96 304 96 0 -1 0 0 100
t 416 96 448 96 0 -1 0 0 100
t 832 96 528 96 0 -1 0 0 100
t 832 96 816 96 0 -1 0 0 100
t 464 352 496 352 0 -1 0 0 100
t 592 352 560 352 0 -1 0 0 100
t 624 368 592 368 0 -1 0 0 100
t 432 368 464 368 0 -1 0 0 100
t 192 400 224 400 0 -1 0 0 100
t 224 96 192 96 0 -1 0 0 100
t 160 192 192 192 0 1 0 0 100
t 224 208 256 208 0 1 0 0 100
t 464 192 432 192 0 1 0 0 100
t 352 208 320 208 0 1 0 0 100
r 320 32 320 80 0 330
r 192 32 192 80 0 4700
w 304 80 320 80 0
w 320 80 336 80 0
g 336 112 336 128 0
r 448 32 448 80 0 4700
r 528 80 528 32 0 1000
w 224 96 256 96 0
w 192 128 192 176 0
w 192 128 256 128 0
w 256 128 256 96 0
w 256 192 256 176 0
w 256 176 192 176 0
w 192 208 224 208 0
w 288 224 320 224 0
w 416 176 320 176 0
w 320 176 320 192 0
w 352 208 432 208 0
w 368 96 416 96 0
w 448 112 448 128 0
w 448 128 416 128 0
w 416 96 416 128 0
w 528 336 560 336 0
w 592 384 560 384 0
w 560 368 560 384 0
g 464 384 464 432 0
r 496 416 496 464 0 100000
g 496 480 496 496 0
g 560 384 560 432 0
r 624 416 624 464 0 5000
g 624 464 624 496 0
r 624 368 624 320 0 5000
w 528 112 528 336 0
r 288 224 288 416 0 10000
g 288 416 288 432 0
w 464 192 624 192 0
w 624 320 624 192 0
r 624 96 624 32 0 5000
w 624 192 624 96 0
w 528 336 496 336 0
w 256 224 288 224 0
w 192 128 192 112 0
w 256 96 272 96 0
w 304 112 304 160 0
w 304 160 704 160 0
t 672 400 704 400 0 1 0 0 100
w 672 400 496 400 0
w 496 368 496 400 0
w 496 416 496 400 0
w 496 480 496 464 0
w 624 416 624 368 0
w 704 304 704 160 0
g 704 416 704 496 0
t 736 368 768 368 0 1 0 0 100
g 768 384 768 496 0
w 736 368 704 368 0
w 704 384 704 368 0
d 768 320 768 352 1 0.805904783
r 768 272 768 224 0 82000
t 800 96 784 96 0 -1 0 0 100
w 832 96 800 96 0
w 784 80 816 80 0
w 784 80 784 32 0
w 192 32 320 32 0
w 320 32 448 32 0
w 448 32 528 32 0
w 528 32 624 32 0
w 624 32 784 32 0
w 784 112 768 112 0
w 768 112 768 96 0
w 768 224 768 96 0
w 768 320 768 272 0
r 704 304 752 304 0 47000
t 768 352 816 352 0 1 0 0 100
w 816 272 816 112 0
g 816 368 816 496 0
w 752 304 816 304 0
w 816 304 816 336 0
w 704 304 704 368 0
t 848 272 880 272 0 1 0 0 100
t 880 96 912 96 0 1 0 0 100
w 880 96 880 256 0
w 848 272 816 272 0
w 880 288 880 368 0
w 880 544 320 544 0
w 224 416 224 464 0
w 768 272 224 272 0
w 224 272 224 384 0
w 432 368 112 368 0
w 192 400 112 400 0
t 176 464 160 464 0 1 0 0 100
r 272 544 320 544 0 100
w 272 544 224 544 0
w 176 464 224 464 0
w 224 464 224 544 0
w 160 448 112 448 0
g 160 480 160 496 0
g 128 480 128 496 0
w 128 480 112 480 0
w 816 272 816 304 0
w 912 80 912 32 0
r 880 96 880 32 0 6800
w 784 32 880 32 0
w 880 32 912 32 0
r 912 112 912 160 0 3900
t 944 112 976 112 0 1 0 0 100
w 928 112 912 112 0
w 912 160 976 160 0
w 976 128 976 160 0
r 896 368 944 368 0 220
r 896 368 896 432 0 4700
g 896 432 896 496 0
t 944 368 976 368 0 1 0 0 100
g 976 384 976 496 0
w 896 368 880 368 0
w 880 368 880 544 0
d 928 256 880 256 1 0.805904783
w 976 256 976 160 0
w 928 256 976 256 0
w 928 112 944 112 0
w 976 96 976 32 0
w 912 32 976 32 0
w 976 256 976 352 0
w 976 256 1056 256 0
w 160 192 112 192 0
w 192 32 112 32 0
w 416 128 416 176 0
w 416 176 432 176 0
x 454 598 719 601 4 24 circuito\sintegrado\s555
x 63 22 113 25 4 24 VCC
x 19 180 167 183 4 24 THRESHOLD
x 43 354 152 357 4 24 TRIGGER
x 38 394 115 397 4 24 RESET
x 13 438 155 441 4 24 DISCHARGE
x 55 476 110 479 4 24 GND
x 1032 239 1131 242 4 24 OUTPUT
