$ 1 0.000005 10.20027730826997 50 5 50
t 336 96 304 96 0 -1 0 0 100
t 256 96 272 96 0 -1 0 0 100
t 352 96 384 96 0 -1 0 0 100
t 832 96 528 96 0 -1 0 0 100
t 832 96 816 96 0 -1 0 0 100
t 464 352 496 352 0 -1 0 0 100
t 592 352 560 352 0 -1 0 0 100
t 624 368 592 368 0 -1 0 0 100
t 432 368 464 368 0 -1 0 0 100
t 192 400 224 400 0 -1 0 0 100
t 224 96 192 96 0 -1 0 0 100
t 160 192 192 192 0 1 0 0 100
t 224 208 256 208 0 1 0 0 100
t 400 192 368 192 0 1 0 0 100
t 352 208 320 208 0 1 0 0 100
r 288 32 288 80 0 330
r 192 32 192 80 0 4700
w 272 80 288 80 0
w 288 80 304 80 0
g 304 112 304 128 0
r 384 32 384 80 0 4700
r 528 80 528 32 0 1000
w 240 96 256 96 0
w 192 128 192 176 0
w 192 128 240 128 0
w 240 128 240 96 0
w 256 192 256 176 0
w 256 176 192 176 0
w 192 208 224 208 0
w 288 224 320 224 0
w 352 176 320 176 0
w 320 176 320 192 0
w 352 208 368 208 0
w 336 96 352 96 0
w 384 112 384 128 0
w 384 128 352 128 0
w 352 96 352 128 0
w 528 336 560 336 0
w 592 384 560 384 0
w 560 368 560 384 0
g 464 384 464 432 0
r 496 416 496 464 0 100000
g 496 480 496 496 0
g 560 384 560 432 0
r 624 416 624 464 0 5000
g 624 464 624 496 0
r 624 368 624 320 0 5000
w 528 112 528 336 0
r 288 224 288 416 0 10000
g 288 416 288 432 0
w 400 192 624 192 0
w 624 320 624 192 2
r 624 96 624 32 0 5000
w 624 192 624 96 0
w 528 336 496 336 0
w 256 224 288 224 0
w 192 128 192 112 0
w 272 112 272 160 0
w 272 160 704 160 0
t 672 400 704 400 0 1 0 0 100
w 672 400 496 400 0
w 496 368 496 400 0
w 496 416 496 400 0
w 496 480 496 464 0
w 624 416 624 368 2
w 704 304 704 160 0
g 704 416 704 496 0
t 736 368 768 368 0 1 0 0 100
g 768 384 768 496 0
w 736 368 704 368 0
w 704 384 704 368 0
d 768 320 768 352 1 0.805904783
r 768 272 768 224 0 82000
t 800 96 784 96 0 -1 0 0 100
w 832 96 800 96 0
w 784 80 816 80 0
w 784 80 784 32 0
w 192 32 288 32 0
w 288 32 384 32 0
w 384 32 528 32 0
w 528 32 624 32 0
w 624 32 784 32 0
w 784 112 768 112 0
w 768 112 768 96 0
w 768 224 768 96 0
w 768 320 768 272 0
r 704 304 752 304 0 47000
t 768 352 816 352 0 1 0 0 100
w 816 272 816 112 0
g 816 368 816 496 0
w 752 304 816 304 0
w 816 304 816 336 0
w 704 304 704 368 0
t 848 272 880 272 0 1 0 0 100
t 880 96 912 96 0 1 0 0 100
w 880 96 880 256 0
w 848 272 816 272 0
w 880 288 880 368 0
w 880 544 320 544 0
w 224 416 224 464 0
w 768 272 224 272 0
w 224 272 224 384 0
w 432 368 112 368 0
w 192 400 112 400 0
t 176 464 160 464 0 1 0 0 100
r 272 544 320 544 0 100
w 272 544 224 544 0
w 176 464 224 464 0
w 224 464 224 544 0
w 160 448 112 448 0
g 160 480 160 496 0
g 128 480 128 496 0
w 128 480 112 480 0
w 816 272 816 304 0
w 912 80 912 32 0
r 880 96 880 32 0 6800
w 784 32 880 32 0
w 880 32 912 32 0
r 912 112 912 160 0 3900
t 944 112 976 112 0 1 0 0 100
w 928 112 912 112 0
w 912 160 976 160 0
w 976 128 976 160 0
r 896 368 944 368 0 220
r 896 368 896 432 0 4700
g 896 432 896 496 0
t 944 368 976 368 0 1 0 0 100
g 976 384 976 496 0
w 896 368 880 368 0
w 880 368 880 544 0
d 928 256 880 256 1 0.805904783
w 976 256 976 160 0
w 928 256 976 256 0
w 928 112 944 112 0
w 976 96 976 32 0
w 912 32 976 32 0
w 976 256 976 352 0
w 976 256 1024 256 0
w 160 192 112 192 0
w 192 32 112 32 0
w 352 128 352 176 0
w 352 176 368 176 0
x 444 605 709 608 4 24 circuito\sintegrado\s555
x 66 21 102 24 4 12 VCC\s8
x 13 178 99 181 4 12 THRESHOLD\s6
x 33 355 98 358 4 12 TRIGGER\s2
x 48 391 99 394 4 12 RESET\s4
x 16 435 99 438 4 12 DISCHARGE\s7
x 57 469 96 472 4 12 GND\s1
x 1037 246 1097 249 4 12 3\sOUTPUT
w 240 96 224 96 0
b 111 2 1023 570 0
R -112 32 -144 32 0 0 40 5 0 0 0.5
r -112 48 -112 128 0 1000
r -112 208 -112 288 0 1000
c -112 352 -112 432 0 0.00001 0.001
w 112 480 -112 480 0
w -112 480 -112 432 0
w -112 352 -112 288 0
w -112 208 -112 128 0
w 0 32 112 32 0
w -112 48 -112 32 0
w -112 352 -64 352 0
w -32 448 112 448 0
w -112 208 -32 208 0
w 48 192 112 192 0
w 112 368 48 368 0
w -64 368 -64 352 0
w 400 192 400 240 0
w 400 240 112 240 0
x 62 228 97 231 4 12 CTR\s5
w 48 208 48 368 0
w -32 208 -32 448 0
w 48 208 48 192 0
w -64 368 48 368 0
w 112 400 0 400 0
w 0 400 0 32 0
w 0 32 -112 32 0
c 80 240 80 304 0 1e-8 0.001
g 80 304 80 320 0
w 80 240 112 240 0
o 137 64 0 4099 10 0.00009765625 0 2 137 3
o 155 64 0 4099 5 0.003125 1 2 155 3
